842 124 6
842 44 1
842 192 1
842 332 2
842 214 2
842 388 2
842 780 2
842 52 2
842 212 1
842 308 1
842 662 1
842 670 1
842 28 2
842 659 1
842 484 2
842 84 2
842 320 2
842 340 1
842 222 2
842 558 2
842 188 2
842 591 2
842 170 3
842 862 2
842 328 1
842 740 2
842 218 2
842 604 2
842 76 2
842 68 2
842 600 2
842 152 2
842 32 2
842 858 3
842 826 4
842 372 2
842 528 4
842 56 3
842 442 3
842 251 5
842 251 1
842 757 1
842 757 2
842 724 3
842 20 1
842 620 3
842 276 2
842 616 3
842 40 2
842 348 4
842 203 4
842 703 3
842 381 4
842 674 1
842 470 2
842 8 2
842 499 2
842 807 2
842 191 2
842 70 2
842 705 3
842 300 3
842 196 1
842 100 3
842 498 2
842 642 3
842 643 2
842 233 3
842 428 3
842 440 3
842 804 2
842 112 2
842 51 2
842 268 2
842 31 2
842 246 2
842 752 2
842 579 4
842 208 3
842 352 3
842 792 3
842 795 2
842 762 2
842 417 2
842 860 2
842 398 2
842 36 3
842 598 1
842 554 3
842 548 1
842 90 1
842 296 1
842 798 1
842 242 2
842 776 1
842 520 1
842 584 1
842 585 1
842 583 1
842 882 1
124 44 1
124 192 1
124 332 2
124 214 2
124 388 2
124 780 2
124 52 2
124 212 1
124 308 1
124 662 1
124 670 1
124 28 2
124 659 1
124 484 2
124 84 2
124 320 2
124 340 1
124 222 2
124 558 2
124 188 2
124 591 2
124 170 3
124 862 2
124 328 1
124 740 2
124 218 2
124 604 2
124 76 2
124 68 2
124 600 2
124 152 2
124 32 2
124 858 3
124 826 3
124 372 2
124 528 4
124 56 3
124 442 3
124 251 4
124 251 1
124 757 1
124 757 2
124 724 3
124 20 1
124 620 3
124 276 2
124 616 3
124 40 2
124 348 4
124 203 4
124 703 3
124 381 4
124 674 1
124 470 2
124 8 2
124 499 2
124 807 2
124 191 2
124 70 2
124 705 3
124 300 3
124 196 1
124 100 3
124 498 2
124 642 3
124 643 2
124 233 3
124 428 3
124 440 3
124 804 2
124 112 2
124 51 2
124 268 2
124 31 2
124 246 2
124 752 2
124 579 4
124 208 3
124 352 3
124 792 3
124 795 2
124 762 2
124 417 2
124 860 2
124 398 2
124 36 1
124 554 1
124 242 1
44 192 2
44 332 3
44 214 2
44 388 3
44 780 3
44 52 3
44 212 3
44 308 3
44 662 3
44 670 3
44 28 3
44 659 3
44 484 2
44 84 3
44 320 2
44 340 1
44 222 2
44 558 2
44 188 2
44 591 2
44 170 2
44 862 2
44 328 3
44 740 3
44 218 1
44 604 1
44 76 1
44 68 1
44 600 1
44 152 1
44 32 1
44 858 1
44 251 1
192 332 3
192 214 2
192 388 2
192 780 2
192 52 2
192 212 3
192 308 2
192 662 2
192 670 2
192 28 2
192 659 2
192 484 3
192 84 2
192 320 3
192 340 2
192 222 3
192 558 3
192 188 3
192 591 3
192 170 3
192 862 3
192 328 2
192 740 2
192 218 2
192 604 2
192 76 2
192 68 2
192 600 2
192 152 2
192 32 1
192 858 2
192 251 2
192 251 1
192 724 1
192 20 1
192 620 1
192 381 1
192 674 1
192 498 1
192 642 1
192 678 1
192 624 1
192 686 1
192 24 1
192 508 1
192 608 1
192 626 1
332 214 3
332 388 4
332 780 4
332 52 4
332 212 4
332 308 3
332 662 3
332 670 3
332 28 4
332 659 3
332 484 4
332 84 4
332 320 4
332 340 3
332 222 5
332 558 4
332 188 4
332 591 5
332 170 4
332 862 4
332 328 3
332 740 4
332 218 3
332 604 3
332 76 3
332 68 3
332 600 3
332 152 3
332 32 2
332 858 3
332 251 2
332 251 1
332 724 1
332 20 1
332 620 1
332 381 1
332 674 1
332 70 1
332 196 1
332 498 2
332 642 1
332 643 1
332 51 1
332 268 1
332 31 1
332 678 1
332 624 2
332 466 1
332 686 2
332 204 1
332 478 1
332 562 1
332 324 1
332 854 1
332 430 1
332 288 1
332 768 1
332 120 1
332 566 1
332 266 1
332 140 1
332 148 1
332 178 1
332 180 1
332 108 1
332 24 1
332 508 1
332 716 1
332 426 1
332 504 1
332 12 1
332 788 1
332 434 1
332 729 1
332 368 1
332 818 1
332 760 1
332 422 1
332 400 1
332 682 1
332 887 1
332 48 1
332 634 1
332 784 1
332 512 1
332 417 1
332 398 1
332 156 1
332 496 1
332 586 1
332 144 1
332 458 1
332 608 2
332 360 1
332 626 1
214 388 3
214 780 3
214 52 3
214 212 2
214 308 2
214 662 2
214 670 2
214 28 3
214 659 2
214 484 3
214 84 3
214 320 3
214 340 2
214 222 3
214 558 3
214 188 3
214 591 3
214 170 3
214 862 3
214 328 2
214 740 3
214 218 2
214 604 2
214 76 2
214 68 2
214 600 2
214 152 2
214 32 2
214 858 2
214 251 1
388 780 4
388 52 4
388 212 3
388 308 3
388 662 3
388 670 3
388 28 4
388 659 3
388 484 3
388 84 4
388 320 3
388 340 2
388 222 3
388 558 3
388 188 3
388 591 3
388 170 3
388 862 3
388 328 3
388 740 4
388 218 2
388 604 2
388 76 2
388 68 2
388 600 2
388 152 2
388 32 2
388 858 2
388 251 1
780 52 4
780 212 3
780 308 3
780 662 3
780 670 3
780 28 4
780 659 3
780 484 3
780 84 4
780 320 3
780 340 2
780 222 3
780 558 3
780 188 3
780 591 3
780 170 3
780 862 3
780 328 3
780 740 4
780 218 2
780 604 2
780 76 2
780 68 2
780 600 2
780 152 2
780 32 2
780 858 2
780 251 1
52 212 3
52 308 3
52 662 3
52 670 3
52 28 4
52 659 3
52 484 3
52 84 4
52 320 3
52 340 2
52 222 3
52 558 3
52 188 3
52 591 3
52 170 3
52 862 3
52 328 3
52 740 4
52 218 2
52 604 2
52 76 2
52 68 2
52 600 2
52 152 2
52 32 2
52 858 2
52 251 1
212 308 4
212 662 4
212 670 4
212 28 4
212 659 4
212 484 3
212 84 3
212 320 3
212 340 2
212 222 3
212 558 3
212 188 3
212 591 3
212 170 3
212 862 3
212 328 3
212 740 3
212 218 2
212 604 2
212 76 2
212 68 2
212 600 2
212 152 2
212 32 1
212 858 2
212 251 2
212 251 1
212 724 1
212 20 1
212 620 1
212 381 1
212 674 1
212 498 1
212 642 1
212 678 1
212 624 1
212 686 1
212 24 1
212 508 1
212 608 1
212 626 1
308 662 4
308 670 4
308 28 4
308 659 4
308 484 2
308 84 3
308 320 2
308 340 1
308 222 2
308 558 2
308 188 2
308 591 2
308 170 2
308 862 2
308 328 3
308 740 3
308 218 1
308 604 1
308 76 1
308 68 1
308 600 1
308 152 1
308 32 1
308 858 1
308 251 1
662 670 4
662 28 4
662 659 4
662 484 2
662 84 3
662 320 2
662 340 1
662 222 2
662 558 2
662 188 2
662 591 2
662 170 2
662 862 2
662 328 3
662 740 3
662 218 1
662 604 1
662 76 1
662 68 1
662 600 1
662 152 1
662 32 1
662 858 1
662 251 1
670 28 4
670 659 4
670 484 2
670 84 3
670 320 2
670 340 1
670 222 2
670 558 2
670 188 2
670 591 2
670 170 2
670 862 2
670 328 3
670 740 3
670 218 1
670 604 1
670 76 1
670 68 1
670 600 1
670 152 1
670 32 1
670 858 1
670 251 1
28 659 4
28 484 3
28 84 4
28 320 3
28 340 2
28 222 3
28 558 3
28 188 3
28 591 3
28 170 3
28 862 3
28 328 3
28 740 4
28 218 2
28 604 2
28 76 2
28 68 2
28 600 2
28 152 2
28 32 2
28 858 2
28 251 1
659 484 2
659 84 3
659 320 2
659 340 1
659 222 2
659 558 2
659 188 2
659 591 2
659 170 2
659 862 2
659 328 3
659 740 3
659 218 1
659 604 1
659 76 1
659 68 1
659 600 1
659 152 1
659 32 1
659 858 1
659 251 1
484 84 3
484 320 4
484 340 3
484 222 4
484 558 4
484 188 4
484 591 4
484 170 4
484 862 4
484 328 2
484 740 3
484 218 3
484 604 3
484 76 3
484 68 3
484 600 3
484 152 3
484 32 2
484 858 3
484 251 2
484 251 1
484 724 1
484 20 1
484 620 1
484 381 1
484 674 1
484 498 1
484 642 1
484 678 1
484 624 1
484 686 1
484 24 1
484 508 1
484 608 1
484 626 1
84 320 3
84 340 2
84 222 3
84 558 3
84 188 3
84 591 3
84 170 3
84 862 3
84 328 3
84 740 4
84 218 2
84 604 2
84 76 2
84 68 2
84 600 2
84 152 2
84 32 2
84 858 2
84 251 1
320 340 4
320 222 5
320 558 5
320 188 5
320 591 4
320 170 4
320 862 4
320 328 2
320 740 3
320 218 3
320 604 3
320 76 3
320 68 3
320 600 3
320 152 3
320 32 2
320 858 3
320 251 2
320 251 1
320 724 1
320 20 1
320 620 1
320 381 1
320 674 1
320 498 1
320 642 1
320 678 1
320 624 1
320 686 1
320 24 1
320 508 1
320 608 1
320 626 1
340 222 4
340 558 4
340 188 4
340 591 3
340 170 3
340 862 3
340 328 1
340 740 2
340 218 2
340 604 2
340 76 2
340 68 2
340 600 2
340 152 2
340 32 1
340 858 2
340 251 2
340 251 1
340 724 1
340 20 1
340 620 1
340 381 1
340 674 1
340 498 1
340 642 1
340 678 1
340 624 1
340 686 1
340 24 1
340 508 1
340 608 1
340 626 1
222 558 5
222 188 5
222 591 5
222 170 4
222 862 4
222 328 2
222 740 3
222 218 3
222 604 3
222 76 3
222 68 3
222 600 3
222 152 3
222 32 2
222 858 3
222 251 2
222 251 1
222 724 1
222 20 1
222 620 1
222 381 1
222 674 1
222 70 1
222 196 1
222 498 2
222 642 1
222 643 1
222 51 1
222 268 1
222 31 1
222 678 1
222 624 2
222 466 1
222 686 2
222 204 1
222 478 1
222 562 1
222 324 1
222 854 1
222 430 1
222 288 1
222 768 1
222 120 1
222 566 1
222 266 1
222 140 1
222 148 1
222 178 1
222 180 1
222 108 1
222 24 1
222 508 1
222 716 1
222 426 1
222 504 1
222 12 1
222 788 1
222 434 1
222 729 1
222 368 1
222 818 1
222 760 1
222 422 1
222 400 1
222 682 1
222 887 1
222 48 1
222 634 1
222 784 1
222 512 1
222 417 1
222 398 1
222 156 1
222 496 1
222 586 1
222 144 1
222 458 1
222 608 2
222 360 1
222 626 1
558 188 5
558 591 4
558 170 4
558 862 4
558 328 2
558 740 3
558 218 3
558 604 3
558 76 3
558 68 3
558 600 3
558 152 3
558 32 2
558 858 3
558 251 2
558 251 1
558 724 1
558 20 1
558 620 1
558 381 1
558 674 1
558 498 1
558 642 1
558 678 1
558 624 1
558 686 1
558 24 1
558 508 1
558 608 1
558 626 1
188 591 4
188 170 4
188 862 4
188 328 2
188 740 3
188 218 3
188 604 3
188 76 3
188 68 3
188 600 3
188 152 3
188 32 2
188 858 3
188 251 2
188 251 1
188 724 1
188 20 1
188 620 1
188 381 1
188 674 1
188 498 1
188 642 1
188 678 1
188 624 1
188 686 1
188 24 1
188 508 1
188 608 1
188 626 1
591 170 4
591 862 4
591 328 2
591 740 3
591 218 3
591 604 3
591 76 3
591 68 3
591 600 3
591 152 3
591 32 2
591 858 3
591 251 2
591 251 1
591 724 1
591 20 1
591 620 1
591 381 1
591 674 1
591 70 1
591 196 1
591 498 2
591 642 1
591 643 1
591 51 1
591 268 1
591 31 1
591 678 1
591 624 2
591 466 1
591 686 2
591 204 1
591 478 1
591 562 1
591 324 1
591 854 1
591 430 1
591 288 1
591 768 1
591 120 1
591 566 1
591 266 1
591 140 1
591 148 1
591 178 1
591 180 1
591 108 1
591 24 1
591 508 1
591 716 1
591 426 1
591 504 1
591 12 1
591 788 1
591 434 1
591 729 1
591 368 1
591 818 1
591 760 1
591 422 1
591 400 1
591 682 1
591 887 1
591 48 1
591 634 1
591 784 1
591 512 1
591 417 1
591 398 1
591 156 1
591 496 1
591 586 1
591 144 1
591 458 1
591 608 2
591 360 1
591 626 1
170 862 4
170 328 2
170 740 3
170 218 3
170 604 3
170 76 3
170 68 3
170 600 3
170 152 3
170 32 2
170 858 4
170 528 1
170 251 3
170 251 1
170 724 1
170 20 1
170 620 1
170 348 1
170 203 1
170 381 2
170 674 1
170 498 1
170 642 1
170 579 1
170 678 1
170 624 1
170 686 1
170 24 1
170 508 1
170 608 1
170 626 1
170 36 1
170 554 1
170 242 1
862 328 2
862 740 3
862 218 3
862 604 3
862 76 3
862 68 3
862 600 3
862 152 3
862 32 2
862 858 3
862 251 2
862 251 1
862 724 1
862 20 1
862 620 1
862 381 1
862 674 1
862 498 1
862 642 1
862 678 1
862 624 1
862 686 1
862 24 1
862 508 1
862 608 1
862 626 1
328 740 4
328 218 1
328 604 1
328 76 1
328 68 1
328 600 1
328 152 1
328 32 1
328 858 1
328 251 1
328 8 1
328 31 1
328 624 1
328 270 1
328 466 1
328 686 1
328 204 1
328 478 1
328 562 1
328 324 1
328 854 1
328 694 1
328 768 1
328 120 1
328 566 1
328 266 1
328 148 1
328 800 1
328 706 1
328 262 1
328 508 1
328 174 1
328 504 1
328 12 1
328 788 1
328 434 1
328 729 1
328 364 1
328 792 1
328 368 1
328 818 1
328 760 1
328 422 1
328 400 1
328 682 1
328 887 1
328 414 1
328 48 1
328 634 1
328 784 1
328 512 1
328 4 1
328 795 1
328 762 1
328 417 1
328 860 1
328 398 1
328 586 1
328 50 1
328 462 1
328 458 1
328 96 1
328 360 1
740 218 2
740 604 2
740 76 2
740 68 2
740 600 2
740 152 2
740 32 2
740 858 2
740 251 1
740 8 1
740 31 1
740 624 1
740 270 1
740 466 1
740 686 1
740 204 1
740 478 1
740 562 1
740 324 1
740 854 1
740 694 1
740 768 1
740 120 1
740 566 1
740 266 1
740 148 1
740 800 1
740 706 1
740 262 1
740 508 1
740 174 1
740 504 1
740 12 1
740 788 1
740 434 1
740 729 1
740 364 1
740 792 1
740 368 1
740 818 1
740 760 1
740 422 1
740 400 1
740 682 1
740 887 1
740 414 1
740 48 1
740 634 1
740 784 1
740 512 1
740 4 1
740 795 1
740 762 1
740 417 1
740 860 1
740 398 1
740 586 1
740 50 1
740 462 1
740 458 1
740 96 1
740 360 1
218 604 3
218 76 3
218 68 3
218 600 3
218 152 3
218 32 2
218 858 3
218 251 1
218 251 1
218 724 1
218 20 1
218 620 1
218 381 1
218 674 1
218 498 1
218 642 1
218 678 1
218 624 1
218 686 1
218 24 1
218 508 1
218 608 1
218 626 1
604 76 3
604 68 3
604 600 3
604 152 3
604 32 2
604 858 3
604 251 1
604 251 1
604 724 1
604 20 1
604 620 1
604 381 1
604 674 1
604 498 1
604 642 1
604 678 1
604 624 1
604 686 1
604 24 1
604 508 1
604 608 1
604 626 1
76 68 3
76 600 3
76 152 3
76 32 2
76 858 3
76 251 1
76 251 1
76 724 1
76 20 1
76 620 1
76 381 1
76 674 1
76 498 1
76 642 1
76 678 1
76 624 1
76 686 1
76 24 1
76 508 1
76 608 1
76 626 1
68 600 3
68 152 3
68 32 2
68 858 3
68 251 1
68 251 1
68 724 1
68 20 1
68 620 1
68 381 1
68 674 1
68 498 1
68 642 1
68 678 1
68 624 1
68 686 1
68 24 1
68 508 1
68 608 1
68 626 1
600 152 3
600 32 2
600 858 3
600 251 1
600 251 1
600 724 1
600 20 1
600 620 1
600 381 1
600 674 1
600 498 1
600 642 1
600 678 1
600 624 1
600 686 1
600 24 1
600 508 1
600 608 1
600 626 1
152 32 2
152 858 3
152 251 1
152 251 1
152 724 1
152 20 1
152 620 1
152 381 1
152 674 1
152 498 1
152 642 1
152 678 1
152 624 1
152 686 1
152 24 1
152 508 1
152 608 1
152 626 1
32 858 2
858 528 1
858 251 2
858 251 1
858 724 1
858 20 1
858 620 1
858 348 1
858 203 1
858 381 2
858 674 1
858 498 1
858 642 1
858 579 1
858 678 1
858 624 1
858 686 1
858 24 1
858 508 1
858 608 1
858 626 1
858 36 1
858 554 1
858 242 1
826 372 4
826 528 5
826 56 5
826 442 5
826 251 6
826 251 2
826 757 2
826 757 3
826 724 5
826 20 2
826 620 5
826 276 4
826 616 5
826 40 4
826 348 5
826 203 5
826 703 5
826 381 5
826 674 2
826 470 4
826 8 3
826 499 3
826 807 3
826 191 4
826 70 3
826 705 5
826 300 5
826 196 3
826 100 5
826 498 3
826 642 5
826 643 3
826 233 5
826 428 5
826 440 5
826 804 3
826 112 2
826 51 3
826 268 3
826 31 3
826 246 4
826 752 4
826 579 4
826 208 5
826 352 4
826 792 4
826 795 2
826 762 2
826 417 2
826 860 2
826 398 2
826 36 1
826 598 1
826 554 1
826 548 1
826 90 1
826 296 1
826 798 1
826 242 1
826 776 1
826 520 1
826 584 1
826 585 1
826 583 1
826 882 1
372 528 4
372 56 4
372 442 4
372 251 4
372 251 2
372 757 2
372 757 3
372 724 4
372 20 2
372 620 4
372 276 3
372 616 4
372 40 4
372 348 4
372 203 4
372 703 4
372 381 4
372 674 2
372 470 4
372 8 2
372 499 3
372 807 3
372 191 3
372 70 3
372 705 4
372 300 4
372 196 3
372 100 4
372 498 3
372 642 4
372 643 3
372 233 4
372 428 4
372 440 4
372 804 3
372 112 2
372 51 3
372 268 3
372 31 3
372 246 4
372 752 4
372 579 3
372 208 4
372 352 3
372 792 3
372 795 2
372 762 2
372 417 2
372 860 2
372 398 2
528 56 6
528 442 6
528 251 6
528 251 2
528 757 2
528 757 3
528 724 5
528 20 2
528 620 5
528 276 4
528 616 5
528 40 4
528 348 6
528 203 6
528 703 5
528 381 6
528 674 2
528 470 4
528 8 3
528 499 3
528 807 3
528 191 4
528 70 3
528 705 5
528 300 5
528 196 3
528 100 5
528 498 3
528 642 5
528 643 3
528 233 5
528 428 5
528 440 5
528 804 3
528 112 2
528 51 3
528 268 3
528 31 3
528 246 4
528 752 4
528 579 5
528 208 5
528 352 4
528 792 4
528 795 2
528 762 2
528 417 2
528 860 2
528 398 2
528 36 1
528 554 1
528 242 1
56 442 7
56 251 5
56 251 2
56 757 2
56 757 4
56 724 6
56 20 2
56 620 5
56 276 4
56 616 6
56 40 4
56 348 6
56 203 5
56 703 5
56 381 6
56 674 2
56 470 4
56 8 3
56 499 3
56 807 3
56 191 4
56 70 3
56 705 5
56 300 5
56 196 3
56 100 5
56 498 3
56 642 5
56 643 3
56 233 5
56 428 5
56 440 5
56 804 3
56 112 2
56 51 3
56 268 3
56 31 3
56 246 5
56 752 5
56 579 4
56 208 5
56 352 4
56 792 4
56 795 2
56 762 2
56 417 2
56 860 2
56 398 2
442 251 5
442 251 2
442 757 2
442 757 4
442 724 6
442 20 2
442 620 5
442 276 4
442 616 6
442 40 4
442 348 6
442 203 5
442 703 5
442 381 6
442 674 2
442 470 4
442 8 3
442 499 3
442 807 3
442 191 4
442 70 3
442 705 5
442 300 5
442 196 3
442 100 5
442 498 3
442 642 5
442 643 3
442 233 5
442 428 5
442 440 5
442 804 3
442 112 2
442 51 3
442 268 3
442 31 3
442 246 5
442 752 5
442 579 4
442 208 5
442 352 4
442 792 4
442 795 2
442 762 2
442 417 2
442 860 2
442 398 2
251 251 3
251 757 2
251 757 3
251 724 6
251 20 3
251 620 6
251 276 4
251 616 5
251 40 4
251 348 6
251 203 6
251 703 5
251 381 7
251 674 3
251 470 4
251 8 3
251 499 3
251 807 3
251 191 4
251 70 3
251 705 5
251 300 5
251 196 3
251 100 5
251 498 4
251 642 6
251 643 3
251 233 5
251 428 5
251 440 5
251 804 3
251 112 2
251 51 3
251 268 3
251 31 3
251 246 4
251 752 4
251 579 5
251 208 5
251 352 4
251 678 1
251 624 1
251 686 1
251 24 1
251 508 1
251 792 4
251 795 2
251 762 2
251 417 2
251 860 2
251 398 2
251 608 1
251 626 1
251 36 2
251 598 1
251 554 2
251 548 1
251 90 1
251 296 1
251 798 1
251 242 2
251 776 1
251 520 1
251 584 1
251 585 1
251 583 1
251 882 1
251 757 2
251 757 2
251 724 3
251 20 3
251 620 3
251 276 2
251 616 2
251 40 2
251 348 2
251 203 2
251 703 2
251 381 3
251 674 3
251 470 2
251 8 2
251 499 2
251 807 2
251 191 2
251 70 2
251 705 2
251 300 2
251 196 2
251 100 2
251 498 3
251 642 3
251 643 2
251 233 2
251 428 2
251 440 2
251 804 2
251 112 1
251 51 2
251 268 2
251 31 2
251 246 2
251 752 2
251 579 2
251 208 2
251 352 2
251 678 1
251 624 1
251 686 1
251 24 1
251 508 1
251 792 2
251 795 1
251 762 1
251 417 1
251 860 1
251 398 1
251 608 1
251 626 1
757 757 2
757 724 2
757 20 2
757 620 2
757 276 2
757 616 2
757 40 2
757 348 2
757 203 2
757 703 2
757 381 2
757 674 2
757 470 2
757 8 2
757 499 2
757 807 2
757 191 2
757 70 2
757 705 2
757 300 2
757 196 2
757 100 2
757 498 2
757 642 2
757 643 2
757 233 2
757 428 2
757 440 2
757 804 2
757 112 1
757 51 2
757 268 2
757 31 2
757 246 2
757 752 2
757 579 2
757 208 2
757 352 2
757 792 2
757 795 1
757 762 1
757 417 1
757 860 1
757 398 1
757 724 4
757 20 2
757 620 3
757 276 2
757 616 4
757 40 3
757 348 4
757 203 3
757 703 3
757 381 4
757 674 2
757 470 3
757 8 2
757 499 3
757 807 3
757 191 2
757 70 3
757 705 3
757 300 3
757 196 2
757 100 3
757 498 3
757 642 3
757 643 3
757 233 3
757 428 3
757 440 3
757 804 3
757 112 2
757 51 3
757 268 3
757 31 3
757 246 4
757 752 4
757 579 3
757 208 3
757 352 3
757 792 3
757 795 2
757 762 2
757 417 2
757 860 2
757 398 2
724 20 3
724 620 6
724 276 4
724 616 6
724 40 4
724 348 6
724 203 5
724 703 5
724 381 7
724 674 3
724 470 4
724 8 3
724 499 3
724 807 3
724 191 4
724 70 3
724 705 5
724 300 5
724 196 3
724 100 5
724 498 4
724 642 6
724 643 3
724 233 5
724 428 5
724 440 5
724 804 3
724 112 2
724 51 3
724 268 3
724 31 3
724 246 5
724 752 5
724 579 4
724 208 5
724 352 4
724 678 1
724 624 1
724 686 1
724 24 1
724 508 1
724 792 4
724 795 2
724 762 2
724 417 2
724 860 2
724 398 2
724 608 1
724 626 1
20 620 3
20 276 2
20 616 2
20 40 2
20 348 2
20 203 2
20 703 2
20 381 3
20 674 3
20 470 2
20 8 2
20 499 2
20 807 2
20 191 2
20 70 2
20 705 2
20 300 2
20 196 2
20 100 2
20 498 3
20 642 3
20 643 2
20 233 2
20 428 2
20 440 2
20 804 2
20 112 1
20 51 2
20 268 2
20 31 2
20 246 2
20 752 2
20 579 2
20 208 2
20 352 2
20 678 1
20 624 1
20 686 1
20 24 1
20 508 1
20 792 2
20 795 1
20 762 1
20 417 1
20 860 1
20 398 1
20 608 1
20 626 1
620 276 4
620 616 5
620 40 4
620 348 5
620 203 5
620 703 5
620 381 6
620 674 3
620 470 4
620 8 3
620 499 3
620 807 3
620 191 4
620 70 3
620 705 5
620 300 5
620 196 3
620 100 5
620 498 4
620 642 6
620 643 3
620 233 5
620 428 5
620 440 5
620 804 3
620 112 2
620 51 3
620 268 3
620 31 3
620 246 4
620 752 4
620 579 4
620 208 5
620 352 4
620 678 1
620 624 1
620 686 1
620 24 1
620 508 1
620 792 4
620 795 2
620 762 2
620 417 2
620 860 2
620 398 2
620 608 1
620 626 1
276 616 5
276 40 3
276 348 4
276 203 4
276 703 4
276 381 4
276 674 2
276 470 3
276 8 3
276 499 2
276 807 2
276 191 4
276 70 2
276 705 4
276 300 4
276 196 3
276 100 4
276 498 2
276 642 4
276 643 3
276 233 5
276 428 5
276 440 5
276 804 2
276 112 1
276 51 2
276 268 2
276 31 2
276 246 4
276 752 4
276 579 4
276 208 5
276 352 4
276 792 3
276 795 1
276 762 1
276 417 1
276 860 1
276 398 1
616 40 4
616 348 6
616 203 5
616 703 5
616 381 6
616 674 2
616 470 4
616 8 3
616 499 3
616 807 3
616 191 4
616 70 3
616 705 5
616 300 5
616 196 3
616 100 5
616 498 3
616 642 5
616 643 4
616 233 6
616 428 6
616 440 6
616 804 3
616 112 2
616 51 3
616 268 3
616 31 3
616 246 6
616 752 6
616 579 5
616 208 6
616 352 5
616 792 4
616 795 2
616 762 2
616 417 2
616 860 2
616 398 2
40 348 4
40 203 4
40 703 4
40 381 4
40 674 2
40 470 4
40 8 2
40 499 3
40 807 3
40 191 3
40 70 3
40 705 4
40 300 4
40 196 3
40 100 4
40 498 3
40 642 4
40 643 3
40 233 4
40 428 4
40 440 4
40 804 3
40 112 2
40 51 3
40 268 3
40 31 3
40 246 4
40 752 4
40 579 3
40 208 4
40 352 3
40 792 3
40 795 2
40 762 2
40 417 2
40 860 2
40 398 2
348 203 6
348 703 5
348 381 7
348 674 2
348 470 4
348 8 3
348 499 3
348 807 3
348 191 4
348 70 3
348 705 5
348 300 5
348 196 3
348 100 5
348 498 3
348 642 5
348 643 3
348 233 5
348 428 5
348 440 5
348 804 3
348 112 2
348 51 3
348 268 3
348 31 3
348 246 5
348 752 5
348 579 5
348 208 5
348 352 4
348 792 4
348 795 2
348 762 2
348 417 2
348 860 2
348 398 2
348 36 1
348 554 1
348 242 1
203 703 5
203 381 6
203 674 2
203 470 4
203 8 3
203 499 3
203 807 3
203 191 4
203 70 3
203 705 5
203 300 5
203 196 3
203 100 5
203 498 3
203 642 5
203 643 3
203 233 5
203 428 5
203 440 5
203 804 3
203 112 2
203 51 3
203 268 3
203 31 3
203 246 4
203 752 4
203 579 5
203 208 5
203 352 4
203 792 4
203 795 2
203 762 2
203 417 2
203 860 2
203 398 2
203 36 1
203 554 1
203 242 1
703 381 5
703 674 2
703 470 4
703 8 3
703 499 3
703 807 3
703 191 4
703 70 3
703 705 5
703 300 5
703 196 3
703 100 5
703 498 3
703 642 5
703 643 3
703 233 5
703 428 5
703 440 5
703 804 3
703 112 2
703 51 3
703 268 3
703 31 3
703 246 4
703 752 4
703 579 4
703 208 5
703 352 4
703 792 4
703 795 2
703 762 2
703 417 2
703 860 2
703 398 2
381 674 3
381 470 4
381 8 3
381 499 3
381 807 3
381 191 4
381 70 3
381 705 5
381 300 5
381 196 3
381 100 5
381 498 4
381 642 6
381 643 3
381 233 5
381 428 5
381 440 5
381 804 3
381 112 2
381 51 3
381 268 3
381 31 3
381 246 5
381 752 5
381 579 5
381 208 5
381 352 4
381 678 1
381 624 1
381 686 1
381 24 1
381 508 1
381 792 4
381 795 2
381 762 2
381 417 2
381 860 2
381 398 2
381 608 1
381 626 1
381 36 1
381 554 1
381 242 1
674 470 2
674 8 2
674 499 2
674 807 2
674 191 2
674 70 2
674 705 2
674 300 2
674 196 2
674 100 2
674 498 3
674 642 3
674 643 2
674 233 2
674 428 2
674 440 2
674 804 2
674 112 1
674 51 2
674 268 2
674 31 2
674 246 2
674 752 2
674 579 2
674 208 2
674 352 2
674 678 1
674 624 1
674 686 1
674 24 1
674 508 1
674 792 2
674 795 1
674 762 1
674 417 1
674 860 1
674 398 1
674 608 1
674 626 1
470 8 2
470 499 3
470 807 3
470 191 3
470 70 3
470 705 4
470 300 4
470 196 3
470 100 4
470 498 3
470 642 4
470 643 3
470 233 4
470 428 4
470 440 4
470 804 3
470 112 2
470 51 3
470 268 3
470 31 3
470 246 4
470 752 4
470 579 3
470 208 4
470 352 3
470 792 3
470 795 2
470 762 2
470 417 2
470 860 2
470 398 2
8 499 2
8 807 2
8 191 3
8 70 2
8 705 3
8 300 3
8 196 2
8 100 3
8 498 2
8 642 3
8 643 2
8 233 3
8 428 3
8 440 3
8 804 2
8 112 1
8 51 2
8 268 2
8 31 3
8 246 2
8 752 2
8 579 3
8 208 3
8 352 3
8 624 1
8 270 1
8 466 1
8 686 1
8 204 1
8 478 1
8 562 1
8 324 1
8 854 1
8 694 1
8 768 1
8 120 1
8 566 1
8 266 1
8 148 1
8 800 1
8 706 1
8 262 1
8 508 1
8 174 1
8 504 1
8 12 1
8 788 1
8 434 1
8 729 1
8 364 1
8 792 4
8 368 1
8 818 1
8 760 1
8 422 1
8 400 1
8 682 1
8 887 1
8 414 1
8 48 1
8 634 1
8 784 1
8 512 1
8 4 1
8 795 2
8 762 2
8 417 2
8 860 2
8 398 2
8 586 1
8 50 1
8 462 1
8 458 1
8 96 1
8 360 1
499 807 3
499 191 2
499 70 3
499 705 3
499 300 3
499 196 2
499 100 3
499 498 3
499 642 3
499 643 3
499 233 3
499 428 3
499 440 3
499 804 3
499 112 2
499 51 3
499 268 3
499 31 3
499 246 3
499 752 3
499 579 3
499 208 3
499 352 3
499 792 3
499 795 2
499 762 2
499 417 2
499 860 2
499 398 2
807 191 2
807 70 3
807 705 3
807 300 3
807 196 2
807 100 3
807 498 3
807 642 3
807 643 3
807 233 3
807 428 3
807 440 3
807 804 3
807 112 2
807 51 3
807 268 3
807 31 3
807 246 3
807 752 3
807 579 3
807 208 3
807 352 3
807 792 3
807 795 2
807 762 2
807 417 2
807 860 2
807 398 2
191 70 2
191 705 4
191 300 4
191 196 3
191 100 4
191 498 2
191 642 4
191 643 2
191 233 4
191 428 4
191 440 4
191 804 2
191 112 1
191 51 2
191 268 2
191 31 2
191 246 3
191 752 3
191 579 3
191 208 4
191 352 3
191 792 3
191 795 1
191 762 1
191 417 1
191 860 1
191 398 1
70 705 3
70 300 3
70 196 3
70 100 3
70 498 4
70 642 3
70 643 4
70 233 3
70 428 3
70 440 3
70 804 3
70 112 2
70 51 4
70 268 4
70 31 4
70 246 3
70 752 3
70 579 3
70 208 3
70 352 3
70 624 1
70 466 1
70 686 1
70 204 1
70 478 1
70 562 1
70 324 1
70 854 1
70 430 1
70 288 1
70 768 1
70 120 1
70 566 1
70 266 1
70 140 1
70 148 1
70 178 1
70 180 1
70 108 1
70 716 1
70 426 1
70 504 1
70 12 1
70 788 1
70 434 1
70 729 1
70 792 3
70 368 1
70 818 1
70 760 1
70 422 1
70 400 1
70 682 1
70 887 1
70 48 1
70 634 1
70 784 1
70 512 1
70 795 2
70 762 2
70 417 3
70 860 2
70 398 3
70 156 1
70 496 1
70 586 1
70 144 1
70 458 1
70 608 1
70 360 1
705 300 5
705 196 3
705 100 5
705 498 3
705 642 5
705 643 3
705 233 5
705 428 5
705 440 5
705 804 3
705 112 2
705 51 3
705 268 3
705 31 3
705 246 4
705 752 4
705 579 4
705 208 5
705 352 4
705 140 1
705 178 1
705 180 1
705 800 1
705 404 1
705 834 1
705 108 1
705 646 1
705 706 1
705 262 1
705 231 1
705 729 1
705 728 1
705 792 4
705 795 2
705 762 2
705 417 2
705 860 2
705 398 2
300 196 3
300 100 5
300 498 3
300 642 5
300 643 3
300 233 5
300 428 5
300 440 5
300 804 3
300 112 2
300 51 3
300 268 3
300 31 3
300 246 4
300 752 4
300 579 4
300 208 5
300 352 4
300 792 4
300 795 2
300 762 2
300 417 2
300 860 2
300 398 2
196 100 3
196 498 3
196 642 3
196 643 3
196 233 3
196 428 3
196 440 3
196 804 2
196 112 1
196 51 3
196 268 3
196 31 3
196 246 3
196 752 3
196 579 2
196 208 3
196 352 2
196 624 1
196 466 1
196 686 1
196 204 1
196 478 1
196 562 1
196 324 1
196 854 1
196 430 1
196 288 1
196 768 1
196 120 1
196 566 1
196 266 1
196 140 1
196 148 1
196 178 1
196 180 1
196 108 1
196 716 1
196 426 1
196 504 1
196 12 1
196 788 1
196 434 1
196 729 1
196 792 2
196 368 1
196 818 1
196 760 1
196 422 1
196 400 1
196 682 1
196 887 1
196 48 1
196 634 1
196 784 1
196 512 1
196 795 1
196 762 1
196 417 2
196 860 1
196 398 2
196 156 1
196 496 1
196 586 1
196 144 1
196 458 1
196 608 1
196 360 1
100 498 3
100 642 5
100 643 3
100 233 5
100 428 5
100 440 5
100 804 3
100 112 2
100 51 3
100 268 3
100 31 3
100 246 4
100 752 4
100 579 4
100 208 5
100 352 4
100 792 4
100 795 2
100 762 2
100 417 2
100 860 2
100 398 2
498 642 4
498 643 4
498 233 3
498 428 3
498 440 3
498 804 3
498 112 2
498 51 4
498 268 4
498 31 4
498 246 3
498 752 3
498 579 3
498 208 3
498 352 3
498 678 1
498 624 2
498 466 1
498 686 2
498 204 1
498 478 1
498 562 1
498 324 1
498 854 1
498 430 1
498 288 1
498 768 1
498 120 1
498 566 1
498 266 1
498 140 1
498 148 1
498 178 1
498 180 1
498 108 1
498 24 1
498 508 1
498 716 1
498 426 1
498 504 1
498 12 1
498 788 1
498 434 1
498 729 1
498 792 3
498 368 1
498 818 1
498 760 1
498 422 1
498 400 1
498 682 1
498 887 1
498 48 1
498 634 1
498 784 1
498 512 1
498 795 2
498 762 2
498 417 3
498 860 2
498 398 3
498 156 1
498 496 1
498 586 1
498 144 1
498 458 1
498 608 2
498 360 1
498 626 1
642 643 3
642 233 5
642 428 5
642 440 5
642 804 3
642 112 2
642 51 3
642 268 3
642 31 3
642 246 4
642 752 4
642 579 4
642 208 5
642 352 4
642 678 1
642 624 1
642 686 1
642 24 1
642 508 1
642 792 4
642 795 2
642 762 2
642 417 2
642 860 2
642 398 2
642 608 1
642 626 1
643 233 4
643 428 4
643 440 4
643 804 3
643 112 3
643 51 5
643 268 4
643 31 4
643 246 4
643 752 4
643 579 4
643 208 4
643 352 4
643 624 1
643 466 1
643 686 1
643 204 1
643 478 1
643 562 1
643 324 1
643 854 1
643 430 1
643 288 1
643 768 1
643 120 1
643 566 1
643 266 1
643 140 1
643 148 1
643 178 1
643 180 1
643 108 1
643 716 1
643 426 1
643 504 1
643 12 1
643 788 1
643 434 1
643 729 1
643 792 3
643 368 1
643 818 1
643 760 1
643 422 1
643 400 1
643 682 1
643 887 1
643 48 1
643 634 1
643 784 1
643 512 1
643 795 2
643 762 3
643 417 4
643 860 2
643 398 4
643 156 2
643 496 2
643 410 1
643 392 1
643 699 1
643 586 2
643 50 1
643 104 1
643 144 1
643 764 1
643 116 1
643 418 1
643 704 1
643 458 2
643 702 1
643 96 1
643 608 2
643 360 2
643 36 1
643 554 1
233 428 6
233 440 6
233 804 3
233 112 2
233 51 3
233 268 3
233 31 3
233 246 5
233 752 5
233 579 5
233 208 6
233 352 5
233 792 4
233 795 2
233 762 2
233 417 2
233 860 2
233 398 2
428 440 6
428 804 3
428 112 2
428 51 3
428 268 3
428 31 3
428 246 5
428 752 5
428 579 5
428 208 6
428 352 5
428 792 4
428 795 2
428 762 2
428 417 2
428 860 2
428 398 2
440 804 3
440 112 2
440 51 3
440 268 3
440 31 3
440 246 5
440 752 5
440 579 5
440 208 6
440 352 5
440 792 4
440 795 2
440 762 2
440 417 2
440 860 2
440 398 2
804 112 2
804 51 3
804 268 3
804 31 3
804 246 3
804 752 3
804 579 3
804 208 3
804 352 3
804 792 3
804 795 2
804 762 2
804 417 2
804 860 2
804 398 2
112 51 3
112 268 2
112 31 2
112 246 2
112 752 2
112 579 2
112 208 2
112 352 2
112 792 2
112 795 2
112 762 3
112 417 3
112 860 2
112 398 3
51 268 4
51 31 4
51 246 3
51 752 3
51 579 3
51 208 3
51 352 3
51 624 1
51 466 1
51 686 1
51 204 1
51 478 1
51 562 1
51 324 1
51 854 1
51 430 1
51 288 1
51 768 1
51 120 1
51 566 1
51 266 1
51 140 1
51 148 1
51 178 1
51 180 1
51 108 1
51 716 1
51 426 1
51 504 1
51 12 1
51 788 1
51 434 1
51 729 1
51 792 3
51 368 1
51 818 1
51 760 1
51 422 1
51 400 1
51 682 1
51 887 1
51 48 1
51 634 1
51 784 1
51 512 1
51 795 2
51 762 3
51 417 4
51 860 2
51 398 4
51 156 1
51 496 1
51 586 1
51 144 1
51 458 1
51 608 1
51 360 1
268 31 4
268 246 3
268 752 3
268 579 3
268 208 3
268 352 3
268 624 1
268 466 1
268 686 1
268 204 1
268 478 1
268 562 1
268 324 1
268 854 1
268 430 1
268 288 1
268 768 1
268 120 1
268 566 1
268 266 1
268 140 1
268 148 1
268 178 1
268 180 1
268 108 1
268 716 1
268 426 1
268 504 1
268 12 1
268 788 1
268 434 1
268 729 1
268 792 3
268 368 1
268 818 1
268 760 1
268 422 1
268 400 1
268 682 1
268 887 1
268 48 1
268 634 1
268 784 1
268 512 1
268 795 2
268 762 2
268 417 3
268 860 2
268 398 3
268 156 1
268 496 1
268 586 1
268 144 1
268 458 1
268 608 1
268 360 1
31 246 3
31 752 3
31 579 3
31 208 3
31 352 3
31 624 2
31 270 1
31 466 2
31 686 2
31 204 2
31 478 2
31 562 2
31 324 2
31 854 2
31 430 1
31 694 1
31 288 1
31 768 2
31 120 2
31 566 2
31 266 2
31 140 1
31 148 2
31 178 1
31 180 1
31 800 1
31 108 1
31 706 1
31 262 1
31 508 1
31 716 1
31 426 1
31 174 1
31 504 2
31 12 2
31 788 2
31 434 2
31 729 2
31 364 1
31 792 4
31 368 2
31 818 2
31 760 2
31 422 2
31 400 2
31 682 2
31 887 2
31 414 1
31 48 2
31 634 2
31 784 2
31 512 2
31 4 1
31 795 3
31 762 3
31 417 4
31 860 3
31 398 4
31 156 1
31 496 1
31 586 2
31 50 1
31 144 1
31 462 1
31 458 2
31 96 1
31 608 1
31 360 2
246 752 8
246 579 6
246 208 7
246 352 6
246 792 3
246 795 2
246 762 2
246 417 2
246 860 2
246 398 2
752 579 6
752 208 7
752 352 6
752 792 3
752 795 2
752 762 2
752 417 2
752 860 2
752 398 2
579 208 7
579 352 7
579 792 4
579 795 2
579 762 2
579 417 2
579 860 2
579 398 2
579 36 1
579 554 1
579 242 1
208 352 7
208 792 4
208 795 2
208 762 2
208 417 2
208 860 2
208 398 2
352 792 4
352 795 2
352 762 2
352 417 2
352 860 2
352 398 2
678 624 2
678 270 1
678 466 1
678 686 2
678 204 1
678 478 1
678 562 1
678 324 1
678 854 1
678 430 1
678 694 1
678 288 1
678 768 1
678 120 1
678 566 1
678 266 1
678 140 1
678 148 1
678 178 1
678 180 1
678 800 1
678 404 1
678 834 1
678 108 1
678 646 1
678 706 1
678 262 1
678 231 1
678 24 2
678 508 2
678 894 1
678 716 1
678 454 1
678 710 1
678 516 1
678 426 1
678 72 1
678 748 1
678 450 1
678 174 1
678 480 1
678 690 1
678 12 1
678 788 1
678 434 1
678 729 1
678 728 1
678 818 1
678 608 1
678 626 1
624 226 1
624 270 3
624 466 4
624 686 5
624 204 4
624 478 4
624 562 4
624 324 4
624 854 4
624 430 3
624 694 3
624 288 3
624 768 4
624 120 4
624 566 4
624 266 4
624 140 3
624 148 4
624 178 3
624 180 2
624 800 3
624 404 2
624 834 2
624 108 3
624 646 2
624 706 3
624 262 3
624 231 2
624 24 3
624 508 4
624 894 2
624 716 3
624 454 2
624 710 2
624 516 2
624 426 3
624 72 2
624 748 2
624 450 2
624 174 3
624 480 2
624 690 1
624 504 2
624 12 4
624 788 4
624 434 4
624 729 4
624 728 1
624 364 1
624 792 1
624 368 2
624 818 4
624 760 2
624 422 2
624 400 2
624 682 2
624 887 2
624 414 1
624 48 2
624 634 2
624 784 2
624 512 2
624 4 1
624 795 1
624 762 1
624 417 2
624 860 1
624 398 2
624 156 1
624 496 1
624 586 2
624 50 1
624 144 1
624 462 1
624 458 2
624 96 1
624 608 2
624 360 2
624 626 1
226 270 1
226 466 1
226 686 1
226 204 1
226 478 1
226 562 1
226 324 1
226 854 1
226 430 1
226 694 1
226 288 1
226 768 1
226 120 1
226 566 1
226 266 1
226 140 1
226 148 1
226 178 1
226 800 1
226 404 1
226 834 1
226 108 1
226 646 1
226 706 1
226 262 1
226 231 1
226 24 1
226 508 1
226 894 1
226 716 1
226 454 1
226 710 1
226 516 1
226 426 1
226 72 1
226 748 1
226 450 1
226 174 1
226 480 1
226 12 1
226 788 1
226 434 1
226 729 1
226 818 1
270 466 3
270 686 3
270 204 3
270 478 3
270 562 3
270 324 3
270 854 3
270 430 2
270 694 3
270 288 2
270 768 3
270 120 3
270 566 3
270 266 3
270 140 2
270 148 3
270 178 2
270 180 1
270 800 3
270 404 2
270 834 2
270 108 2
270 646 2
270 706 3
270 262 3
270 231 2
270 24 2
270 508 3
270 894 2
270 716 2
270 454 2
270 710 2
270 516 2
270 426 2
270 72 2
270 748 2
270 450 2
270 174 3
270 480 2
270 690 1
270 504 1
270 12 3
270 788 3
270 434 3
270 729 3
270 728 1
270 364 1
270 792 1
270 368 1
270 818 3
270 760 1
270 422 1
270 400 1
270 682 1
270 887 1
270 414 1
270 48 1
270 634 1
270 784 1
270 512 1
270 4 1
270 795 1
270 762 1
270 417 1
270 860 1
270 398 1
270 586 1
270 50 1
270 462 1
270 458 1
270 96 1
270 360 1
466 686 4
466 204 4
466 478 4
466 562 4
466 324 4
466 854 4
466 430 3
466 694 3
466 288 3
466 768 4
466 120 4
466 566 4
466 266 4
466 140 3
466 148 4
466 178 3
466 180 2
466 800 3
466 404 2
466 834 2
466 108 3
466 646 2
466 706 3
466 262 3
466 231 2
466 24 2
466 508 3
466 894 2
466 716 3
466 454 2
466 710 2
466 516 2
466 426 3
466 72 2
466 748 2
466 450 2
466 174 3
466 480 2
466 690 1
466 504 2
466 12 4
466 788 4
466 434 4
466 729 4
466 728 1
466 364 1
466 792 1
466 368 2
466 818 4
466 760 2
466 422 2
466 400 2
466 682 2
466 887 2
466 414 1
466 48 2
466 634 2
466 784 2
466 512 2
466 4 1
466 795 1
466 762 1
466 417 2
466 860 1
466 398 2
466 156 1
466 496 1
466 586 2
466 50 1
466 144 1
466 462 1
466 458 2
466 96 1
466 608 1
466 360 2
686 204 4
686 478 4
686 562 4
686 324 4
686 854 4
686 430 3
686 694 3
686 288 3
686 768 4
686 120 4
686 566 4
686 266 4
686 140 3
686 148 4
686 178 3
686 180 2
686 800 3
686 404 2
686 834 2
686 108 3
686 646 2
686 706 3
686 262 3
686 231 2
686 24 3
686 508 4
686 894 2
686 716 3
686 454 2
686 710 2
686 516 2
686 426 3
686 72 2
686 748 2
686 450 2
686 174 3
686 480 2
686 690 1
686 504 2
686 12 4
686 788 4
686 434 4
686 729 4
686 728 1
686 364 1
686 792 1
686 368 2
686 818 4
686 760 2
686 422 2
686 400 2
686 682 2
686 887 2
686 414 1
686 48 2
686 634 2
686 784 2
686 512 2
686 4 1
686 795 1
686 762 1
686 417 2
686 860 1
686 398 2
686 156 1
686 496 1
686 586 2
686 50 1
686 144 1
686 462 1
686 458 2
686 96 1
686 608 2
686 360 2
686 626 1
204 478 4
204 562 4
204 324 4
204 854 4
204 430 3
204 694 3
204 288 3
204 768 4
204 120 4
204 566 4
204 266 4
204 140 3
204 148 4
204 178 3
204 180 2
204 800 3
204 404 2
204 834 2
204 108 3
204 646 2
204 706 3
204 262 3
204 231 2
204 24 2
204 508 3
204 894 2
204 716 3
204 454 2
204 710 2
204 516 2
204 426 3
204 72 2
204 748 2
204 450 2
204 174 3
204 480 2
204 690 1
204 504 2
204 12 4
204 788 4
204 434 4
204 729 4
204 728 1
204 364 1
204 792 1
204 368 2
204 818 4
204 760 2
204 422 2
204 400 2
204 682 2
204 887 2
204 414 1
204 48 2
204 634 2
204 784 2
204 512 2
204 4 1
204 795 1
204 762 1
204 417 2
204 860 1
204 398 2
204 156 1
204 496 1
204 586 2
204 50 1
204 144 1
204 462 1
204 458 2
204 96 1
204 608 1
204 360 2
478 562 4
478 324 4
478 854 4
478 430 3
478 694 3
478 288 3
478 768 4
478 120 4
478 566 4
478 266 4
478 140 3
478 148 4
478 178 3
478 180 2
478 800 3
478 404 2
478 834 2
478 108 3
478 646 2
478 706 4
478 262 4
478 231 2
478 24 2
478 508 3
478 894 2
478 716 3
478 454 2
478 710 2
478 516 2
478 426 3
478 72 2
478 748 2
478 450 2
478 174 4
478 480 2
478 690 1
478 504 4
478 12 6
478 788 6
478 434 6
478 729 5
478 728 1
478 364 1
478 792 1
478 368 3
478 818 5
478 760 3
478 422 3
478 400 3
478 682 3
478 887 3
478 414 2
478 48 3
478 634 3
478 784 3
478 512 3
478 4 1
478 795 1
478 762 1
478 417 2
478 860 1
478 398 2
478 156 1
478 496 1
478 586 2
478 50 1
478 144 1
478 462 1
478 458 2
478 96 1
478 608 1
478 360 2
562 324 4
562 854 4
562 430 3
562 694 3
562 288 3
562 768 4
562 120 4
562 566 4
562 266 4
562 140 3
562 148 4
562 178 3
562 180 2
562 800 3
562 404 2
562 834 2
562 108 3
562 646 2
562 706 3
562 262 3
562 231 2
562 24 2
562 508 3
562 894 2
562 716 3
562 454 2
562 710 2
562 516 2
562 426 3
562 72 2
562 748 2
562 450 2
562 174 3
562 480 2
562 690 1
562 504 2
562 12 4
562 788 4
562 434 4
562 729 4
562 728 1
562 364 1
562 792 1
562 368 2
562 818 4
562 760 2
562 422 2
562 400 2
562 682 2
562 887 2
562 414 1
562 48 2
562 634 2
562 784 2
562 512 2
562 4 1
562 795 1
562 762 1
562 417 2
562 860 1
562 398 2
562 156 1
562 496 1
562 586 2
562 50 1
562 144 1
562 462 1
562 458 2
562 96 1
562 608 1
562 360 2
324 854 4
324 430 3
324 694 3
324 288 3
324 768 4
324 120 4
324 566 4
324 266 4
324 140 3
324 148 4
324 178 3
324 180 2
324 800 3
324 404 2
324 834 2
324 108 3
324 646 2
324 706 3
324 262 3
324 231 2
324 24 2
324 508 3
324 894 2
324 716 3
324 454 2
324 710 2
324 516 2
324 426 3
324 72 2
324 748 2
324 450 2
324 174 3
324 480 2
324 690 1
324 504 2
324 12 4
324 788 4
324 434 4
324 729 4
324 728 1
324 364 1
324 792 1
324 368 2
324 818 4
324 760 2
324 422 2
324 400 2
324 682 2
324 887 2
324 414 1
324 48 2
324 634 2
324 784 2
324 512 2
324 4 1
324 795 1
324 762 1
324 417 2
324 860 1
324 398 2
324 156 1
324 496 1
324 586 2
324 50 1
324 144 1
324 462 1
324 458 2
324 96 1
324 608 1
324 360 2
854 430 3
854 694 3
854 288 3
854 768 4
854 120 4
854 566 4
854 266 4
854 140 3
854 148 4
854 178 3
854 180 2
854 800 3
854 404 2
854 834 2
854 108 3
854 646 2
854 706 3
854 262 3
854 231 2
854 24 2
854 508 3
854 894 2
854 716 3
854 454 2
854 710 2
854 516 2
854 426 3
854 72 2
854 748 2
854 450 2
854 174 3
854 480 2
854 690 1
854 504 2
854 12 4
854 788 4
854 434 4
854 729 4
854 728 1
854 364 1
854 792 1
854 368 2
854 818 4
854 760 2
854 422 2
854 400 2
854 682 2
854 887 2
854 414 1
854 48 2
854 634 2
854 784 2
854 512 2
854 4 1
854 795 1
854 762 1
854 417 2
854 860 1
854 398 2
854 156 1
854 496 1
854 586 2
854 50 1
854 144 1
854 462 1
854 458 2
854 96 1
854 608 1
854 360 2
430 694 2
430 288 3
430 768 3
430 120 3
430 566 3
430 266 3
430 140 3
430 148 3
430 178 3
430 180 2
430 800 2
430 404 2
430 834 2
430 108 3
430 646 2
430 706 2
430 262 2
430 231 2
430 24 2
430 508 2
430 894 2
430 716 3
430 454 2
430 710 2
430 516 2
430 426 3
430 72 2
430 748 2
430 450 2
430 174 2
430 480 2
430 690 1
430 504 1
430 12 3
430 788 3
430 434 3
430 729 3
430 728 1
430 368 1
430 818 3
430 760 1
430 422 1
430 400 1
430 682 1
430 887 1
430 48 1
430 634 1
430 784 1
430 512 1
430 417 1
430 398 1
430 156 1
430 496 1
430 586 1
430 144 1
430 458 1
430 608 1
430 360 1
694 288 2
694 768 3
694 120 3
694 566 3
694 266 3
694 140 2
694 148 3
694 178 2
694 180 1
694 800 3
694 404 2
694 834 2
694 108 2
694 646 2
694 706 3
694 262 3
694 231 2
694 24 2
694 508 3
694 894 2
694 716 2
694 454 2
694 710 2
694 516 2
694 426 2
694 72 2
694 748 2
694 450 2
694 174 3
694 480 2
694 690 1
694 504 1
694 12 3
694 788 3
694 434 3
694 729 3
694 728 1
694 364 1
694 792 1
694 368 1
694 818 3
694 760 1
694 422 1
694 400 1
694 682 1
694 887 1
694 414 1
694 48 1
694 634 1
694 784 1
694 512 1
694 4 1
694 795 1
694 762 1
694 417 1
694 860 1
694 398 1
694 586 1
694 50 1
694 462 1
694 458 1
694 96 1
694 360 1
288 768 3
288 120 3
288 566 3
288 266 3
288 140 3
288 148 3
288 178 3
288 180 2
288 800 2
288 404 2
288 834 2
288 108 3
288 646 2
288 706 2
288 262 2
288 231 2
288 24 2
288 508 2
288 894 2
288 716 3
288 454 2
288 710 2
288 516 2
288 426 3
288 72 2
288 748 2
288 450 2
288 174 2
288 480 2
288 690 1
288 504 1
288 12 3
288 788 3
288 434 3
288 729 3
288 728 1
288 368 1
288 818 3
288 760 1
288 422 1
288 400 1
288 682 1
288 887 1
288 48 1
288 634 1
288 784 1
288 512 1
288 417 1
288 398 1
288 156 1
288 496 1
288 586 1
288 144 1
288 458 1
288 608 1
288 360 1
768 120 4
768 566 4
768 266 4
768 140 3
768 148 4
768 178 3
768 180 2
768 800 3
768 404 2
768 834 2
768 108 3
768 646 2
768 706 3
768 262 3
768 231 2
768 24 2
768 508 3
768 894 2
768 716 3
768 454 2
768 710 2
768 516 2
768 426 3
768 72 2
768 748 2
768 450 2
768 174 3
768 480 2
768 690 1
768 504 2
768 12 4
768 788 4
768 434 4
768 729 4
768 728 1
768 364 1
768 792 1
768 368 2
768 818 4
768 760 2
768 422 2
768 400 2
768 682 2
768 887 2
768 414 1
768 48 2
768 634 2
768 784 2
768 512 2
768 4 1
768 795 1
768 762 1
768 417 2
768 860 1
768 398 2
768 156 1
768 496 1
768 586 2
768 50 1
768 144 1
768 462 1
768 458 2
768 96 1
768 608 1
768 360 2
120 566 4
120 266 4
120 140 3
120 148 4
120 178 3
120 180 2
120 800 3
120 404 2
120 834 2
120 108 3
120 646 2
120 706 3
120 262 3
120 231 2
120 24 2
120 508 3
120 894 2
120 716 3
120 454 2
120 710 2
120 516 2
120 426 3
120 72 2
120 748 2
120 450 2
120 174 3
120 480 2
120 690 1
120 504 2
120 12 4
120 788 4
120 434 4
120 729 4
120 728 1
120 364 1
120 792 1
120 368 2
120 818 4
120 760 2
120 422 2
120 400 2
120 682 2
120 887 2
120 414 1
120 48 2
120 634 2
120 784 2
120 512 2
120 4 1
120 795 1
120 762 1
120 417 2
120 860 1
120 398 2
120 156 1
120 496 1
120 586 2
120 50 1
120 144 1
120 462 1
120 458 2
120 96 1
120 608 1
120 360 2
566 266 4
566 140 3
566 148 4
566 178 3
566 180 2
566 800 3
566 404 2
566 834 2
566 108 3
566 646 2
566 706 3
566 262 3
566 231 2
566 24 2
566 508 3
566 894 2
566 716 3
566 454 2
566 710 2
566 516 2
566 426 3
566 72 2
566 748 2
566 450 2
566 174 3
566 480 2
566 690 1
566 504 2
566 12 4
566 788 4
566 434 4
566 729 4
566 728 1
566 364 1
566 792 1
566 368 2
566 818 4
566 760 2
566 422 2
566 400 2
566 682 2
566 887 2
566 414 1
566 48 2
566 634 2
566 784 2
566 512 2
566 4 1
566 795 1
566 762 1
566 417 2
566 860 1
566 398 2
566 156 1
566 496 1
566 586 2
566 50 1
566 144 1
566 462 1
566 458 2
566 96 1
566 608 1
566 360 2
266 140 3
266 148 4
266 178 3
266 180 2
266 800 3
266 404 2
266 834 2
266 108 3
266 646 2
266 706 3
266 262 3
266 231 2
266 24 2
266 508 3
266 894 2
266 716 3
266 454 2
266 710 2
266 516 2
266 426 3
266 72 2
266 748 2
266 450 2
266 174 3
266 480 2
266 690 1
266 504 2
266 12 4
266 788 4
266 434 4
266 729 4
266 728 1
266 364 1
266 792 1
266 368 2
266 818 4
266 760 2
266 422 2
266 400 2
266 682 2
266 887 2
266 414 1
266 48 2
266 634 2
266 784 2
266 512 2
266 4 1
266 795 1
266 762 1
266 417 2
266 860 1
266 398 2
266 156 1
266 496 1
266 586 2
266 50 1
266 144 1
266 462 1
266 458 2
266 96 1
266 608 1
266 360 2
140 148 3
140 178 4
140 180 3
140 800 3
140 404 3
140 834 3
140 108 4
140 646 3
140 706 3
140 262 3
140 231 3
140 24 2
140 508 2
140 894 2
140 716 3
140 454 2
140 710 2
140 516 2
140 426 3
140 72 2
140 748 2
140 450 2
140 174 2
140 480 2
140 690 1
140 504 1
140 12 3
140 788 3
140 434 3
140 729 4
140 728 2
140 368 1
140 818 3
140 760 1
140 422 1
140 400 1
140 682 1
140 887 1
140 48 1
140 634 1
140 784 1
140 512 1
140 417 1
140 398 1
140 156 1
140 496 1
140 586 1
140 144 1
140 458 1
140 608 1
140 360 1
148 178 3
148 180 2
148 800 3
148 404 2
148 834 2
148 108 3
148 646 2
148 706 3
148 262 3
148 231 2
148 24 2
148 508 3
148 894 2
148 716 3
148 454 2
148 710 2
148 516 2
148 426 3
148 72 2
148 748 2
148 450 2
148 174 3
148 480 2
148 690 1
148 504 2
148 12 4
148 788 4
148 434 4
148 729 4
148 728 1
148 364 1
148 792 1
148 368 2
148 818 4
148 760 2
148 422 2
148 400 2
148 682 2
148 887 2
148 414 1
148 48 2
148 634 2
148 784 2
148 512 2
148 4 1
148 795 1
148 762 1
148 417 2
148 860 1
148 398 2
148 156 1
148 496 1
148 586 2
148 50 1
148 144 1
148 462 1
148 458 2
148 96 1
148 608 1
148 360 2
178 180 3
178 800 3
178 404 3
178 834 3
178 108 4
178 646 3
178 706 3
178 262 3
178 231 3
178 24 2
178 508 2
178 894 2
178 716 3
178 454 2
178 710 2
178 516 2
178 426 3
178 72 2
178 748 2
178 450 2
178 174 2
178 480 2
178 690 1
178 504 1
178 12 3
178 788 3
178 434 3
178 729 4
178 728 2
178 368 1
178 818 3
178 760 1
178 422 1
178 400 1
178 682 1
178 887 1
178 48 1
178 634 1
178 784 1
178 512 1
178 417 1
178 398 1
178 156 1
178 496 1
178 586 1
178 144 1
178 458 1
178 608 1
178 360 1
180 800 2
180 404 2
180 834 2
180 108 3
180 646 2
180 706 2
180 262 2
180 231 2
180 24 1
180 508 1
180 894 1
180 716 2
180 454 1
180 710 1
180 516 1
180 426 2
180 72 1
180 748 1
180 450 1
180 174 1
180 480 1
180 690 1
180 504 1
180 12 2
180 788 2
180 434 2
180 729 3
180 728 2
180 368 1
180 818 2
180 760 1
180 422 1
180 400 1
180 682 1
180 887 1
180 48 1
180 634 1
180 784 1
180 512 1
180 417 1
180 398 1
180 156 1
180 496 1
180 586 1
180 144 1
180 458 1
180 608 1
180 360 1
800 404 4
800 834 4
800 108 4
800 646 4
800 706 4
800 262 4
800 231 3
800 24 2
800 508 3
800 894 3
800 716 3
800 454 3
800 710 2
800 516 2
800 426 3
800 72 2
800 748 2
800 450 2
800 174 3
800 480 2
800 690 1
800 504 1
800 12 3
800 788 3
800 434 3
800 729 4
800 728 2
800 364 1
800 792 1
800 368 1
800 818 3
800 760 1
800 422 1
800 400 1
800 682 1
800 887 1
800 414 1
800 48 1
800 634 1
800 784 1
800 512 1
800 4 1
800 795 1
800 762 1
800 417 1
800 860 1
800 398 1
800 586 1
800 50 1
800 462 1
800 458 1
800 96 1
800 360 1
404 834 4
404 108 4
404 646 4
404 706 3
404 262 3
404 231 3
404 24 2
404 508 2
404 894 3
404 716 3
404 454 3
404 710 2
404 516 2
404 426 3
404 72 2
404 748 2
404 450 2
404 174 2
404 480 2
404 690 1
404 12 2
404 788 2
404 434 2
404 729 3
404 728 2
404 818 2
834 108 4
834 646 4
834 706 3
834 262 3
834 231 3
834 24 2
834 508 2
834 894 3
834 716 3
834 454 3
834 710 2
834 516 2
834 426 3
834 72 2
834 748 2
834 450 2
834 174 2
834 480 2
834 690 1
834 12 2
834 788 2
834 434 2
834 729 3
834 728 2
834 818 2
108 646 4
108 706 3
108 262 3
108 231 3
108 24 2
108 508 2
108 894 3
108 716 4
108 454 3
108 710 2
108 516 2
108 426 4
108 72 2
108 748 2
108 450 2
108 174 2
108 480 2
108 690 1
108 504 1
108 12 3
108 788 3
108 434 3
108 729 4
108 728 2
108 368 1
108 818 3
108 760 1
108 422 1
108 400 1
108 682 1
108 887 1
108 48 1
108 634 1
108 784 1
108 512 1
108 417 1
108 398 1
108 156 1
108 496 1
108 586 1
108 144 1
108 458 1
108 608 1
108 360 1
646 706 3
646 262 3
646 231 3
646 24 2
646 508 2
646 894 3
646 716 3
646 454 3
646 710 2
646 516 2
646 426 3
646 72 2
646 748 2
646 450 2
646 174 2
646 480 2
646 690 1
646 12 2
646 788 2
646 434 2
646 729 3
646 728 2
646 818 2
706 262 5
706 231 3
706 24 2
706 508 3
706 894 2
706 716 2
706 454 2
706 710 2
706 516 2
706 426 2
706 72 2
706 748 2
706 450 2
706 174 4
706 480 2
706 690 1
706 504 2
706 12 4
706 788 4
706 434 4
706 729 5
706 728 2
706 364 1
706 792 1
706 368 2
706 818 4
706 760 2
706 422 2
706 400 2
706 682 2
706 887 2
706 414 2
706 48 2
706 634 2
706 784 2
706 512 2
706 4 1
706 795 1
706 762 1
706 417 1
706 860 1
706 398 1
706 586 1
706 50 1
706 462 1
706 458 1
706 96 1
706 360 1
262 231 3
262 24 2
262 508 3
262 894 2
262 716 2
262 454 2
262 710 2
262 516 2
262 426 2
262 72 2
262 748 2
262 450 2
262 174 4
262 480 2
262 690 1
262 504 2
262 12 4
262 788 4
262 434 4
262 729 5
262 728 2
262 364 1
262 792 1
262 368 2
262 818 4
262 760 2
262 422 2
262 400 2
262 682 2
262 887 2
262 414 2
262 48 2
262 634 2
262 784 2
262 512 2
262 4 1
262 795 1
262 762 1
262 417 1
262 860 1
262 398 1
262 586 1
262 50 1
262 462 1
262 458 1
262 96 1
262 360 1
231 24 2
231 508 2
231 894 2
231 716 2
231 454 2
231 710 2
231 516 2
231 426 2
231 72 2
231 748 2
231 450 2
231 174 2
231 480 2
231 690 1
231 12 2
231 788 2
231 434 2
231 729 3
231 728 2
231 818 2
24 508 3
24 894 2
24 716 2
24 454 2
24 710 2
24 516 2
24 426 2
24 72 2
24 748 2
24 450 2
24 174 2
24 480 2
24 690 1
24 12 2
24 788 2
24 434 2
24 729 2
24 728 1
24 818 2
24 608 1
24 626 1
508 894 2
508 716 2
508 454 2
508 710 2
508 516 2
508 426 2
508 72 2
508 748 2
508 450 2
508 174 3
508 480 2
508 690 1
508 504 1
508 12 3
508 788 3
508 434 3
508 729 3
508 728 1
508 364 1
508 792 1
508 368 1
508 818 3
508 760 1
508 422 1
508 400 1
508 682 1
508 887 1
508 414 1
508 48 1
508 634 1
508 784 1
508 512 1
508 4 1
508 795 1
508 762 1
508 417 1
508 860 1
508 398 1
508 586 1
508 50 1
508 462 1
508 458 1
508 96 1
508 608 1
508 360 1
508 626 1
894 716 3
894 454 3
894 710 2
894 516 2
894 426 3
894 72 2
894 748 2
894 450 2
894 174 2
894 480 2
894 690 1
894 12 2
894 788 2
894 434 2
894 729 2
894 728 1
894 818 2
716 454 3
716 710 2
716 516 2
716 426 4
716 72 2
716 748 2
716 450 2
716 174 2
716 480 2
716 690 1
716 504 1
716 12 3
716 788 3
716 434 3
716 729 3
716 728 1
716 368 1
716 818 3
716 760 1
716 422 1
716 400 1
716 682 1
716 887 1
716 48 1
716 634 1
716 784 1
716 512 1
716 417 1
716 398 1
716 156 1
716 496 1
716 586 1
716 144 1
716 458 1
716 608 1
716 360 1
454 710 2
454 516 2
454 426 3
454 72 2
454 748 2
454 450 2
454 174 2
454 480 2
454 690 1
454 12 2
454 788 2
454 434 2
454 729 2
454 728 1
454 818 2
710 516 3
710 426 3
710 72 3
710 748 3
710 450 2
710 174 2
710 480 2
710 690 1
710 12 2
710 788 2
710 434 2
710 729 2
710 728 1
710 818 2
516 426 3
516 72 3
516 748 3
516 450 2
516 174 2
516 480 2
516 690 1
516 12 2
516 788 2
516 434 2
516 729 2
516 728 1
516 818 2
426 72 3
426 748 3
426 450 2
426 174 2
426 480 2
426 690 1
426 504 1
426 12 3
426 788 3
426 434 3
426 729 3
426 728 1
426 368 1
426 818 3
426 760 1
426 422 1
426 400 1
426 682 1
426 887 1
426 48 1
426 634 1
426 784 1
426 512 1
426 417 1
426 398 1
426 156 1
426 496 1
426 586 1
426 144 1
426 458 1
426 608 1
426 360 1
72 748 3
72 450 2
72 174 2
72 480 2
72 690 1
72 12 2
72 788 2
72 434 2
72 729 2
72 728 1
72 818 2
748 450 2
748 174 2
748 480 2
748 690 1
748 12 2
748 788 2
748 434 2
748 729 2
748 728 1
748 818 2
450 174 2
450 480 2
450 690 1
450 12 2
450 788 2
450 434 2
450 729 2
450 728 1
450 818 2
174 480 2
174 690 1
174 504 2
174 12 4
174 788 4
174 434 4
174 729 4
174 728 1
174 364 1
174 792 1
174 368 2
174 818 4
174 760 2
174 422 2
174 400 2
174 682 2
174 887 2
174 414 2
174 48 2
174 634 2
174 784 2
174 512 2
174 4 1
174 795 1
174 762 1
174 417 1
174 860 1
174 398 1
174 586 1
174 50 1
174 462 1
174 458 1
174 96 1
174 360 1
480 690 1
480 12 2
480 788 2
480 434 2
480 729 2
480 728 1
480 818 2
690 12 1
690 788 1
690 434 1
690 729 1
690 728 1
690 818 1
504 12 4
504 788 4
504 434 4
504 729 3
504 364 1
504 792 1
504 368 3
504 818 3
504 760 3
504 422 3
504 400 3
504 682 3
504 887 3
504 414 2
504 48 3
504 634 3
504 784 3
504 512 3
504 4 1
504 795 1
504 762 1
504 417 2
504 860 1
504 398 2
504 156 1
504 496 1
504 586 2
504 50 1
504 144 1
504 462 1
504 458 2
504 96 1
504 608 1
504 360 2
12 788 6
12 434 6
12 729 5
12 728 1
12 364 1
12 792 1
12 368 3
12 818 5
12 760 3
12 422 3
12 400 3
12 682 3
12 887 3
12 414 2
12 48 3
12 634 3
12 784 3
12 512 3
12 4 1
12 795 1
12 762 1
12 417 2
12 860 1
12 398 2
12 156 1
12 496 1
12 586 2
12 50 1
12 144 1
12 462 1
12 458 2
12 96 1
12 608 1
12 360 2
788 434 6
788 729 5
788 728 1
788 364 1
788 792 1
788 368 3
788 818 5
788 760 3
788 422 3
788 400 3
788 682 3
788 887 3
788 414 2
788 48 3
788 634 3
788 784 3
788 512 3
788 4 1
788 795 1
788 762 1
788 417 2
788 860 1
788 398 2
788 156 1
788 496 1
788 586 2
788 50 1
788 144 1
788 462 1
788 458 2
788 96 1
788 608 1
788 360 2
434 729 5
434 728 1
434 364 1
434 792 1
434 368 3
434 818 5
434 760 3
434 422 3
434 400 3
434 682 3
434 887 3
434 414 2
434 48 3
434 634 3
434 784 3
434 512 3
434 4 1
434 795 1
434 762 1
434 417 2
434 860 1
434 398 2
434 156 1
434 496 1
434 586 2
434 50 1
434 144 1
434 462 1
434 458 2
434 96 1
434 608 1
434 360 2
729 728 2
729 364 1
729 792 1
729 368 3
729 818 5
729 760 3
729 422 3
729 400 3
729 682 3
729 887 3
729 414 2
729 48 3
729 634 3
729 784 3
729 512 3
729 4 1
729 795 1
729 762 1
729 417 2
729 860 1
729 398 2
729 156 1
729 496 1
729 586 2
729 50 1
729 144 1
729 462 1
729 458 2
729 96 1
729 608 1
729 360 2
728 818 1
364 792 1
364 368 1
364 818 1
364 760 1
364 422 1
364 400 1
364 682 1
364 887 1
364 414 1
364 48 1
364 634 1
364 784 1
364 512 1
364 4 1
364 795 1
364 762 1
364 417 1
364 860 1
364 398 1
364 586 1
364 50 1
364 462 1
364 458 1
364 96 1
364 360 1
792 368 1
792 818 1
792 760 1
792 422 1
792 400 1
792 682 1
792 887 1
792 414 1
792 48 1
792 634 1
792 784 1
792 512 1
792 4 1
792 795 3
792 762 3
792 417 3
792 860 3
792 398 3
792 586 1
792 50 1
792 462 1
792 458 1
792 96 1
792 360 1
368 818 3
368 760 3
368 422 3
368 400 3
368 682 3
368 887 3
368 414 2
368 48 3
368 634 3
368 784 3
368 512 3
368 4 1
368 795 1
368 762 1
368 417 2
368 860 1
368 398 2
368 156 1
368 496 1
368 586 2
368 50 1
368 144 1
368 462 1
368 458 2
368 96 1
368 608 1
368 360 2
818 760 3
818 422 3
818 400 3
818 682 3
818 887 3
818 414 2
818 48 3
818 634 3
818 784 3
818 512 3
818 4 1
818 795 1
818 762 1
818 417 2
818 860 1
818 398 2
818 156 1
818 496 1
818 586 2
818 50 1
818 144 1
818 462 1
818 458 2
818 96 1
818 608 1
818 360 2
760 422 3
760 400 3
760 682 3
760 887 3
760 414 2
760 48 3
760 634 3
760 784 3
760 512 3
760 4 1
760 795 1
760 762 1
760 417 2
760 860 1
760 398 2
760 156 1
760 496 1
760 586 2
760 50 1
760 144 1
760 462 1
760 458 2
760 96 1
760 608 1
760 360 2
422 400 3
422 682 3
422 887 3
422 414 2
422 48 3
422 634 3
422 784 3
422 512 3
422 4 1
422 795 1
422 762 1
422 417 2
422 860 1
422 398 2
422 156 1
422 496 1
422 586 2
422 50 1
422 144 1
422 462 1
422 458 2
422 96 1
422 608 1
422 360 2
400 682 3
400 887 3
400 414 2
400 48 3
400 634 3
400 784 3
400 512 3
400 4 1
400 795 1
400 762 1
400 417 2
400 860 1
400 398 2
400 156 1
400 496 1
400 586 2
400 50 1
400 144 1
400 462 1
400 458 2
400 96 1
400 608 1
400 360 2
682 887 3
682 414 3
682 48 4
682 634 4
682 784 4
682 512 4
682 4 1
682 795 1
682 762 1
682 417 2
682 860 1
682 398 2
682 156 1
682 496 1
682 586 2
682 50 1
682 144 1
682 462 1
682 458 2
682 96 1
682 608 1
682 360 2
887 414 2
887 48 3
887 634 3
887 784 3
887 512 3
887 4 1
887 795 1
887 762 1
887 417 2
887 860 1
887 398 2
887 156 1
887 496 1
887 586 2
887 50 1
887 144 1
887 462 1
887 458 2
887 96 1
887 608 1
887 360 2
414 48 3
414 634 3
414 784 3
414 512 3
414 4 1
414 795 1
414 762 1
414 417 1
414 860 1
414 398 1
414 586 1
414 50 1
414 462 1
414 458 1
414 96 1
414 360 1
48 634 4
48 784 4
48 512 4
48 4 1
48 795 1
48 762 1
48 417 2
48 860 1
48 398 2
48 156 1
48 496 1
48 586 2
48 50 1
48 144 1
48 462 1
48 458 2
48 96 1
48 608 1
48 360 2
634 784 4
634 512 4
634 4 1
634 795 1
634 762 1
634 417 2
634 860 1
634 398 2
634 156 1
634 496 1
634 586 2
634 50 1
634 144 1
634 462 1
634 458 2
634 96 1
634 608 1
634 360 2
784 512 4
784 4 1
784 795 1
784 762 1
784 417 2
784 860 1
784 398 2
784 156 1
784 496 1
784 586 2
784 50 1
784 144 1
784 462 1
784 458 2
784 96 1
784 608 1
784 360 2
512 4 1
512 795 1
512 762 1
512 417 2
512 860 1
512 398 2
512 156 1
512 496 1
512 586 2
512 50 1
512 144 1
512 462 1
512 458 2
512 96 1
512 608 1
512 360 2
4 795 1
4 762 1
4 417 1
4 860 1
4 398 1
4 699 1
4 64 1
4 586 2
4 50 2
4 144 1
4 462 2
4 524 1
4 458 1
4 96 1
4 360 1
795 762 3
795 417 3
795 860 3
795 398 3
795 586 1
795 50 1
795 462 1
795 458 1
795 96 1
795 360 1
762 417 4
762 860 3
762 398 4
762 586 1
762 50 1
762 462 1
762 458 1
762 96 1
762 360 1
417 860 3
417 398 5
417 156 1
417 496 1
417 586 2
417 50 1
417 144 1
417 462 1
417 458 2
417 96 1
417 608 1
417 360 2
860 398 3
860 586 1
860 50 1
860 462 1
860 458 1
860 96 1
860 360 1
398 156 1
398 496 1
398 586 2
398 50 1
398 144 1
398 462 1
398 458 2
398 96 1
398 608 1
398 360 2
156 496 2
156 410 1
156 392 1
156 699 1
156 586 2
156 50 1
156 104 1
156 144 1
156 764 1
156 116 1
156 418 1
156 704 1
156 458 2
156 702 1
156 96 1
156 608 2
156 360 2
156 36 1
156 554 1
496 410 1
496 392 1
496 699 1
496 586 2
496 50 1
496 104 1
496 144 1
496 764 1
496 116 1
496 418 1
496 704 1
496 458 2
496 702 1
496 96 1
496 608 2
496 360 2
496 36 1
496 554 1
410 392 1
410 699 1
410 586 1
410 50 1
410 104 1
410 764 1
410 116 1
410 418 1
410 704 1
410 458 1
410 702 1
410 96 1
410 608 1
410 360 1
410 36 1
410 554 1
392 699 1
392 586 1
392 50 1
392 104 1
392 764 1
392 116 1
392 418 1
392 704 1
392 458 1
392 702 1
392 96 1
392 608 1
392 360 1
392 36 1
392 554 1
699 64 1
699 586 2
699 50 2
699 104 1
699 144 1
699 462 1
699 524 1
699 764 1
699 116 1
699 418 1
699 704 1
699 458 1
699 702 1
699 96 1
699 608 1
699 360 1
699 36 1
699 554 1
64 586 1
64 50 1
64 144 1
64 462 1
64 524 1
586 50 3
586 104 1
586 144 2
586 462 2
586 524 1
586 764 1
586 116 1
586 418 1
586 704 1
586 458 3
586 702 1
586 96 2
586 608 2
586 360 3
586 36 1
586 554 1
50 104 1
50 144 1
50 462 2
50 524 1
50 764 1
50 116 1
50 418 1
50 704 1
50 458 2
50 702 1
50 96 2
50 608 1
50 360 2
50 36 1
50 554 1
104 764 2
104 116 2
104 418 2
104 704 2
104 458 2
104 702 2
104 96 2
104 608 2
104 360 2
104 36 1
104 554 1
144 462 1
144 524 1
144 458 1
144 608 1
144 360 1
462 524 1
462 458 1
462 96 1
462 360 1
764 116 2
764 418 2
764 704 2
764 458 2
764 702 2
764 96 2
764 608 2
764 360 2
764 36 1
764 554 1
116 418 2
116 704 2
116 458 2
116 702 2
116 96 2
116 608 2
116 360 2
116 36 1
116 554 1
418 704 2
418 458 2
418 702 2
418 96 2
418 608 2
418 360 2
418 36 1
418 554 1
704 458 2
704 702 2
704 96 2
704 608 2
704 360 2
704 36 1
704 554 1
458 702 2
458 96 3
458 608 3
458 360 4
458 36 1
458 554 1
702 96 2
702 608 2
702 360 2
702 36 1
702 554 1
96 608 2
96 360 3
96 36 1
96 554 1
608 360 3
608 626 1
608 36 1
608 554 1
360 36 1
360 554 1
36 598 2
36 554 5
36 548 2
36 90 2
36 296 2
36 798 2
36 242 3
36 776 2
36 520 2
36 584 2
36 585 2
36 583 2
36 882 2
598 554 2
598 548 2
598 90 2
598 296 2
598 798 2
598 242 2
598 776 2
598 520 2
598 584 2
598 585 2
598 583 2
598 882 2
554 548 2
554 90 2
554 296 2
554 798 2
554 242 3
554 776 2
554 520 2
554 584 2
554 585 2
554 583 2
554 882 2
548 90 2
548 296 2
548 798 2
548 242 2
548 776 2
548 520 2
548 584 2
548 585 2
548 583 2
548 882 2
90 296 2
90 798 2
90 242 2
90 776 2
90 520 2
90 584 2
90 585 2
90 583 2
90 882 2
296 798 2
296 242 2
296 776 2
296 520 2
296 584 2
296 585 2
296 583 2
296 882 2
798 242 2
798 776 2
798 520 2
798 584 2
798 585 2
798 583 2
798 882 2
242 776 2
242 520 2
242 584 2
242 585 2
242 583 2
242 882 2
776 520 2
776 584 2
776 585 2
776 583 2
776 882 2
520 584 2
520 585 2
520 583 2
520 882 2
584 585 2
584 583 2
584 882 2
585 583 2
585 882 2
583 882 2
